Object  RA  DEC  z  Class
SPRC 1  00 09 11.58  -00 36 54.7  0.073332  PRG
SPRC 2  00 26 41.51  +25 51 01.7  0.028498  PRG
SPRC 3  00 41 03.44  -09 56 28.1  0.036828  PRG
SPRC 4  02 42 58.43  -00 57 09.2  0.043012  PRG
SPRC 5  03 44 26.15  -05 42 09.6  0.027858  PRG
SPRC 6  07 50 41.63  +50 57 40.1  0.018671  PRG
SPRC 7  07 52 34.32  +29 20 49.7  0.060066  PRG
SPRC 8  07 55 39.63  +18 35 27.3  -  PRG
SPRC 9  08 12 57.83  +22 25 30.0  0.144734  PRG
SPRC 10  08 20 38.19  +15 36 59.8  0.042439  PRG
SPRC 11  08 48 32.01  +32 20 12.5  0.065796  PRG
SPRC 12  09 01 50.14  +52 12 22.6  0.062470  PRG
SPRC 13  09 14 53.66  +49 38 24.0  0.031768  PRG
SPRC 14  09 18 15.97  +20 22 05.3  0.031881  PRG
SPRC 15  09 36 34.63  +21 13 57.8  0.034274  PRG
SPRC 16  09 42 07.35  +36 24 17.2  0.060119  PRG
SPRC 17  09 59 11.85  +16 28 41.5  0.026400  PRG
SPRC 18  10 08 42.82  +14 22 02.1  0.081849  PRG
SPRC 19  10 17 17.50  +41 05 57.7  0.105157  PRG
SPRC 20  10 26 00.41  +04 14 33.0  0.074281  PRG
SPRC 21  10 28 58.56  +31 33 42.2  0.081182  PRG
SPRC 22  10 41 55.66  +07 45 13.9  0.159854  PRG
SPRC 23  10 46 23.65  +06 37 10.1  0.027816  PRG
SPRC 24  11 16 25.11  +56 50 17.0  0.047104  PRG
SPRC 25  11 24 53.65  +21 53 48.9  0.072838  PRG
SPRC 26  11 40 05.50  +06 04 43.7  -  PRG
SPRC 27  11 44 44.02  +23 09 45.0  0.048352  PRG
SPRC 28  11 52 28.30  +05 00 44.7  0.077287  PRG
SPRC 29  11 53 33.56  +47 19 07.3  0.047328  PRG
SPRC 30  12 07 12.69  +07 39 44.5  0.075173  PRG
SPRC 31  12 17 11.51  +31 30 37.8  0.049711  PRG
SPRC 32  12 19 24.16  +64 37 54.0  0.034872  PRG
SPRC 33  12 19 30.57  +14 52 39.5  0.004533  PRG
SPRC 34  12 25 59.80  +15 42 08.5  0.081295  PRG
SPRC 35  12 44 14.99  +17 00 49.2  0.067569  PRG
SPRC 36  12 52 17.80  +12 06 30.3  0.130076  PRG
SPRC 37  12 53 09.76  +49 48 32.5  0.067620  PRG
SPRC 38  13 08 14.92  +28 44 07.5  0.038919  PRG
SPRC 39  13 08 16.92  +45 22 35.2  0.029330  PRG
SPRC 40  13 11 31.46  +36 16 54.6  0.003630  PRG
SPRC 41  13 25 33.22  +27 22 46.7  0.061099  PRG
SPRC 42  13 39 04.59  +02 09 49.5  0.023369  PRG
SPRC 43  13 41 34.83  +37 26 25.7  0.062839  PRG
SPRC 44  13 45 06.11  +27 30 14.3  0.113443  PRG
SPRC 45  13 52 39.38  +01 06 09.1  0.071537  PRG
SPRC 46  13 55 00.36  +24 10 05.7  0.128477  PRG
SPRC 47  13 59 41.70  +25 00 46.1  0.031227  PRG
SPRC 48  14 14 20.82  +27 28 04.4  0.056300  PRG
SPRC 49  14 14 46.25  +30 25 17.8  0.068384  PRG
SPRC 50  14 15 59.68  +19 24 30.6  0.077672  PRG
SPRC 51  14 18 16.05  +20 31 34.3  0.075438  PRG
SPRC 52  14 18 25.60  +25 30 06.7  0.014844  PRG
SPRC 53  14 19 18.45  +01 50 49.1  0.082742  PRG
SPRC 54  14 39 48.62  +21 46 20.3  0.039379  PRG
SPRC 55  14 43 48.70  +16 09 29.7  0.085807  PRG
SPRC 56  15 11 14.09  +37 02 37.7  0.055038  PRG
SPRC 57  15 11 53.36  +27 43 46.7  0.070358  PRG
SPRC 58  15 38 01.95  +56 42 21.8  0.045861  PRG
SPRC 59  15 38 45.54  +65 27 38.3  0.061677  PRG
SPRC 60  15 47 24.32  +38 55 50.4  0.078280  PRG
SPRC 61  15 49 54.81  +09 49 43.1  0.045834  PRG
SPRC 62  15 51 26.66  +35 10 45.9  -  PRG
SPRC 63  15 51 28.30  +04 30 11.6  0.073893  PRG
SPRC 64  15 58 29.79  +57 05 51.5  0.100225  PRG
SPRC 65  16 16 00.16  +24 21 05.6  0.066809  PRG
SPRC 66  16 31 58.73  +48 17 22.6  0.087382  PRG
SPRC 67  17 17 44.13  +40 41 52.0  0.027773  PRG
SPRC 68  17 50 57.21  +51 25 19.2  0.076406  PRG
SPRC 69  20 48 05.67  +00 04 07.8  0.024692  PRG
SPRC 70  23 42 33.22  +13 33 25.6  0.068697  PRG
SPRC 71  00 05 20.62  +14 34 11.1  0.041519  PRG
SPRC 72  00 13 03.07  +14 24 35.9  0.006778  PRG
SPRC 73  00 32 09.80  +01 08 36.6  0.058991  PRG
SPRC 74  00 48 12.18  -00 12 55.6  0.056283  PRG
SPRC 75  01 07 00.15  +28 45 33.8  0.040740  PRG
SPRC 76  01 21 29.32  +00 37 28.7  0.043744  PRG
SPRC 77  01 58 58.39  -00 29 23.3  0.080989  PRG
SPRC 78  07 32 08.78  +27 27 41.2  -  PRG
SPRC 79  07 33 21.06  +20 21 12.4  0.131723  PRG
SPRC 80  07 47 15.86  +43 35 04.7  0.108507  PRG
SPRC 81  07 48 20.90  +36 04 34.1  0.136806  PRG
SPRC 82  07 52 41.21  +19 43 20.2  0.092947  PRG
SPRC 83  08 00 23.93  +17 31 26.9  0.006833  PRG
SPRC 84  08 11 17.51  +29 30 32.2  0.019904  PRG
SPRC 85  08 14 07.20  +25 14 48.5  0.024904  PRG
SPRC 86  08 23 23.98  +30 53 18.3  0.161776  PRG
SPRC 87  08 42 00.51  +13 12 29.7  0.122820  PRG
SPRC 88  08 56 04.40  +34 42 34.9  0.088330  PRG
SPRC 89  09 07 56.24  +28 26 33.7  0.167496  PRG
SPRC 90  09 43 02.33  -00 48 50.0  0.067634  PRG
SPRC 91  09 57 31.05  +35 33 22.8  0.210761  PRG
SPRC 92  09 58 44.65  +12 59 20.9  0.192494  PRG
SPRC 93  09 59 05.51  +02 38 09.9  0.079048  PRG
SPRC 94  09 59 39.90  +11 24 22.3  0.079706  PRG
SPRC 95  10 05 57.71  +64 40 54.6  0.057397  PRG
SPRC 96  10 06 13.91  +63 13 21.9  0.116359  PRG
SPRC 97  10 17 30.50  +21 21 01.9  0.020952  PRG
SPRC 98  10 18 00.74  +01 21 16.3  0.126390  PRG
SPRC 99  10 34 35.22  +44 46 23.0  0.169004  PRG
SPRC 100  10 35 42.04  +26 07 33.0  0.004653  PRG
SPRC 101  10 36 02.78  +13 10 27.7  -  PRG
SPRC 102  10 41 09.76  +06 49 12.2  0.033350  PRG
SPRC 103  10 43 31.49  +32 15 05.1  0.083029  PRG
SPRC 104  10 45 22.03  +55 57 40.0  0.002500  PRG
SPRC 105  10 48 44.73  +38 46 36.2  0.024916  PRG
SPRC 106  10 52 22.48  +18 07 11.1  0.132068  PRG
SPRC 107  10 54 24.16  +44 30 02.0  0.008112  PRG
SPRC 108  10 55 00.95  +46 30 48.5  0.053789  PRG
SPRC 109  11 08 54.49  +02 40 38.6  0.035881  PRG
SPRC 110  11 09 29.00  -00 00 08.2  0.026398  PRG
SPRC 111  11 17 21.04  +31 14 48.5  0.007094  PRG
SPRC 112  11 19 41.61  +41 01 40.4  0.071324  PRG
SPRC 113  11 35 13.68  +65 01 41.7  0.149461  PRG
SPRC 114  11 35 14.67  +59 49 09.5  0.110898  PRG
SPRC 115  11 43 46.46  +33 42 16.7  0.031229  PRG
SPRC 116  11 45 12.95  +35 05 10.4  0.067296  PRG
SPRC 117  11 51 36.04  +16 39 51.4  0.013428  PRG
SPRC 118  11 52 07.90  +38 01 57.6  0.205469  PRG
SPRC 119  11 52 44.10  +55 43 53.5  0.060467  PRG
SPRC 120  12 03 46.23  +10 27 43.7  0.066955  PRG
SPRC 121  12 15 03.35  +67 02 27.8  0.132656  PRG
SPRC 122  12 18 11.16  +44 09 30.5  0.024815  PRG
SPRC 123  12 46 56.39  +51 36 49.3  0.001659  PRG
SPRC 124  12 50 20.69  +37 56 56.2  0.035168  PRG
SPRC 125  12 57 44.58  +02 41 30.2  0.003060  PRG
SPRC 126  12 58 18.63  +27 18 38.9  0.024720  PRG
SPRC 127  12 58 27.84  +28 58 26.8  0.023800  PRG
SPRC 128  13 18 43.75  +47 43 09.9  0.061840  PRG
SPRC 129  13 23 58.77  -01 45 52.7  0.161719  PRG
SPRC 130  13 33 46.77  +31 34 59.5  0.062320  PRG
SPRC 131  13 34 43.26  +13 02 02.9  0.074177  PRG
SPRC 132  13 45 31.77  +02 58 59.3  0.077640  PRG
SPRC 133  13 47 11.08  +32 53 08.1  0.102582  PRG
SPRC 134  13 50 59.06  +33 43 15.3  0.093304  PRG
SPRC 135  13 57 25.69  +47 27 07.9  0.132140  PRG
SPRC 136  14 04 54.74  +12 42 16.9  0.013834  PRG
SPRC 137  14 09 21.48  +21 48 02.3  0.111767  PRG
SPRC 138  14 10 46.45  +11 51 29.9  0.088921  PRG
SPRC 139  14 11 18.56  +07 23 52.8  0.103655  PRG
SPRC 140  14 11 42.58  +18 40 03.8  0.079761  PRG
SPRC 141  14 20 44.19  +50 00 40.1  0.070526  PRG
SPRC 142  14 22 25.37  +21 08 35.5  0.103665  PRG
SPRC 143  14 24 43.86  +53 51 50.6  0.067749  PRG
SPRC 144  14 25 03.87  +27 29 10.4  0.141309  PRG
SPRC 145  14 28 16.47  +00 00 08.3  0.053046  PRG
SPRC 146  14 32 31.17  +15 29 43.8  0.060583  PRG
SPRC 147  14 41 19.18  +07 47 34.8  0.005913  PRG
SPRC 148  14 41 32.86  +23 42 55.2  0.037351  PRG
SPRC 149  14 46 45.71  +58 30 50.8  0.080003  PRG
SPRC 150  14 48 17.26  +60 18 34.3  0.050672  PRG
SPRC 151  14 51 26.30  +18 01 38.5  -  PRG
SPRC 152  14 53 16.45  +16 32 45.1  0.044104  PRG
SPRC 153  14 54 02.24  +36 17 41.4  0.186303  PRG
SPRC 154  14 57 10.71  +27 56 30.6  0.059925  PRG
SPRC 155  15 06 39.12  +27 00 24.2  0.058463  PRG
SPRC 156  15 16 21.58  +08 06 04.7  0.030944  PRG
SPRC 157  15 24 46.34  +33 48 26.2  0.082300  PRG
SPRC 158  15 25 28.59  +02 46 44.2  0.115830  PRG
SPRC 159  15 30 04.63  +14 57 55.8  0.150585  PRG
SPRC 160  15 33 22.82  +33 29 33.4  0.076770  PRG
SPRC 161  15 36 19.28  +33 46 27.7  0.074600  PRG
SPRC 162  15 37 03.02  +59 06 58.5  0.090251  PRG
SPRC 163  15 44 42.15  +11 21 59.9  0.047405  PRG
SPRC 164  15 47 07.11  +34 25 36.1  0.006922  PRG
SPRC 165  15 49 53.86  +64 14 03.7  0.165057  PRG
SPRC 166  15 52 36.10  +33 11 37.5  0.075105  PRG
SPRC 167  15 56 42.98  +48 02 53.1  0.018315  PRG
SPRC 168  15 57 14.20  +26 28 54.3  0.072108  PRG
SPRC 169  16 00 13.82  +17 50 53.8  0.006848  PRG
SPRC 170  16 02 09.77  +06 38 51.4  0.073471  PRG
SPRC 171  16 05 14.60  +41 11 18.3  0.006776  PRG
SPRC 172  16 18 11.02  +56 44 09.0  0.092613  PRG
SPRC 173  16 21 28.25  +28 38 24.8  0.002972  PRG
SPRC 174  16 22 02.63  +48 01 38.4  0.008116  PRG
SPRC 175  16 27 30.74  +49 06 00.8  0.190790  PRG
SPRC 176  16 32 02.04  +43 11 49.0  0.030920  PRG
SPRC 177  16 33 47.53  +22 48 35.6  0.279547  PRG
SPRC 178  16 36 52.00  +34 15 04.3  0.096544  PRG
SPRC 179  17 03 08.79  +46 22 25.1  0.032056  PRG
SPRC 180  17 04 06.73  +38 52 57.6  0.035316  PRG
SPRC 181  17 08 17.84  +29 53 40.0  0.149268  PRG
SPRC 182  19 33 27.34  +35 49 30.1  0.014760  PRG
SPRC 183  21 37 48.61  -07 40 28.1  0.058152  PRG
SPRC 184  22 08 21.70  +18 27 15.1  0.003813  PRG
SPRC 185  23 12 32.10  -00 06 37.0  0.027761  PRG
SPRC 239  00 16 15.19  -10 14 41.1  0.085187  PRG
SPRC 240  00 34 36.18  -09 35 36.8  -  PRG
SPRC 241  02 41 57.00  -06 47 32.3  0.017569  PRG
SPRC 242  07 35 50.48  +32 35 06.3  0.201540  PRG
SPRC 243  07 53 25.87  +15 06 56.8  0.102723  PRG
SPRC 244  07 58 48.20  +38 21 50.5  0.097069  PRG
SPRC 245  08 05 05.38  +40 10 28.4  0.050096  PRG
SPRC 246  08 08 21.30  +07 17 12.6  -  PRG
SPRC 247  08 12 12.08  +44 39 20.5  0.183723  PRG
SPRC 248  08 24 01.83  +16 26 38.2  0.152629  PRG
SPRC 249  08 47 08.70  +19 37 51.7  0.031183  PRG
SPRC 250  08 47 41.69  +13 25 08.8  0.006865  PRG
SPRC 251  08 49 01.21  +41 11 57.2  0.029584  PRG
SPRC 252  10 24 01.96  +10 19 15.8  0.190345  PRG
SPRC 253  10 43 15.06  +10 02 06.0  0.089643  PRG
SPRC 254  11 01 45.49  +25 26 44.4  0.144749  PRG
SPRC 255  11 02 16.90  +38 23 20.2  0.091505  PRG
SPRC 256  11 10 49.29  +13 36 34.1  0.070150  PRG
SPRC 257  11 30 19.31  +58 16 40.8  0.196987  PRG
SPRC 258  11 30 40.21  +50 37 04.6  0.058051  PRG
SPRC 259  11 37 13.65  +23 17 21.9  0.049427  PRG
SPRC 260  11 45 30.25  +09 43 44.8  0.021348  PRG
SPRC 261  12 01 43.47  +00 10 59.2  0.104358  PRG
SPRC 262  12 49 15.77  +04 39 24.5  0.008906  PRG
SPRC 263  13 01 13.66  +58 06 44.2  0.028092  PRG
SPRC 264  13 16 14.69  +41 29 40.1  0.020741  PRG
SPRC 265  13 20 22.67  -00 24 07.6  0.109975  PRG
SPRC 266  13 20 54.29  +41 35 35.5  0.155195  PRG
SPRC 267  13 37 39.21  +54 35 24.8  0.068336  PRG
SPRC 268  13 40 04.76  +64 03 02.0  0.152120  PRG
SPRC 269  14 04 53.72  +12 43 18.1  0.013672  PRG
SPRC 270  14 09 31.41  +50 08 17.3  0.072441  PRG
SPRC 271  14 51 48.17  +16 47 27.7  0.119635  PRG
SPRC 272  15 45 47.04  +14 06 13.5  0.073694  PRG
SPRC 273  16 06 07.97  +10 34 06.0  0.171620  PRG
SPRC 274  16 33 09.59  +34 55 34.7  0.034908  PRG
SPRC 275  20 53 53.46  -00 58 05.4  0.106092  PRG
A 0136-0801  01 38 55.2  -07 45 56  0.018439  PRG
ESO 415-G26  02 28 20.1  -31 52 52  0.015357  PRG
NGC 2685  08 55 34.7  +58 44 04  0.002945  PRG
UGC 7576  12 27 41.8  +28 41 53  0.023406  PRG
NGC 4650A  12 44 49.0  -40 42 52  0.009607  PRG
UGC 9796  15 15 56.3  +43 10 00  0.017980  PRG
IC 0051  00 46 24.2  -13 26 32  0.005736  PRG
A 0113-5442  01 15 28.7  -54 26 53  0.017882  PRG
IC 1689  01 23 47.8  +33 03 19  0.015231  PRG
A 0336-4905  03 37 57.6  -48 55 40  0.072274  PRG
A 0351-5458  03 52 49.3  -54 49 50  0.060347  PRG
AM 0442-622  04 43 07.6  -62 19 42  0.023900  PRG
Abell 548-17  05 44 34.8  -26 05 19  0.042773  PRG
AM 0623-371  06 24 48.8  -37 21 21  0.032506  PRG
UGC 5119  09 37 12.6  +38 05 33  0.020050  PRG
A 0950-2234  09 52 53.9  -22 48 34  0.049034  PRG
UGC 5600  10 24 09.9  +78 37 44  0.009417  PRG
ESO 503-G17  11 26 52.5  -27 42 21  0.034907  PRG
Abell 1631-14  12 52 32.4  -15 52 28  0.042750  PRG
Abell 1644-105  12 57 37.2  -17 11 19  0.053417  PRG
A 1256-1710  12 58 43.5  -17 26 49  0.048587  PRG
NGC 5122  13 24 14.9  -10 39 15  0.009400  PRG
UGC 9562  14 51 14.4  +35 32 32  0.004256  PRG
AM 1934-563  19 38 38.4  -56 27 29  0.038857  PRG
AM 2020-504  20 23 54.9  -50 39 07  0.016945  PRG
A 2135-2132  21 38 20.0  -21 19 06  0.034567  PRG
ESO 603-G21  22 51 22.0  -20 14 50  0.010421  PRG
A 2329-4102  23 31 54.6  -40 45 44  0.045312  PRG
A 2330-3751  23 32 41.9  -37 34 32  0.040152  PRG
A 2333-1637  23 35 57.5  -16 39 19  0.014954  PRG
A 2349-3927  23 51 41.4  -39 10 30  0.055752  PRG
A 2350-4042  23 53 20.2  -40 25 52  0.054911  PRG
ESO 293-IG17  23 56 25.4  -39 10 36  0.051035  PRG